6 2 8
1 600
1 300
1 550
1 700
2 900
2 700
2 770
2 600

-------
12 12 108
1 4
2 7
3 600
4 7
3 600
7 9
1 1
4 400
2 1
1 4
3 1
2 7
4 9
10 10
2 8
3 1
11 6
4 6
7 4
9 7
3 1
4 7
3 7
8 9
1 4
4 4
2 7
1 4
3 7
2 7
4 9
1 10
2 8
3 4
4 6
4 6
6 4
2 7
3 4
7 7
3 7
9 9
1 4
8 4
10 7
11 4
11 7
11 7
10 9
7 10
6 8
8 4
9 6
3 6
7 4
2 7
3 4
4 7
3 7
1 9
1 4
4 4
2 7
1 4
3 7
11 7
9 9
11 10
2 8
6 4
8 6
4 6
6 4
2 7
3 4
4 7
7 7
1 9
7 4
4 4
3 7
10 4
3 7
2 7
9 9
8 10
8 8
3 4
7 6
4 6
8 4
2 7
7 4
4 7
6 7
8 9
9 4
10 4
11 7
10 4
4 7
5 7
7 9
6 10
5 8
6 4
7 6
8 6